100
0.101652	0.092851	0.104637	0.127155	0.097054	 
0.101211	0.062171	0.096412	0.090962	0.082487	 
0.055984	0.055552	0.036267	0.047472	0.042461	 
0.033956	0.036516	0.049397	0.056571	0.042659	 
0.041287	0.036497	0.035782	0.036589	0.040107	 
150
0.169446	0.253708	0.241445	0.183925	0.201270	 
0.189415	0.173786	0.177035	0.174455	0.198300	 
0.120857	0.080018	0.080077	0.087727	0.112951	 
0.078022	0.063122	0.061015	0.067535	0.059658	 
0.062856	0.062342	0.059222	0.057838	0.052283	 
439
1.600360	1.607620	1.634816	1.626633	1.480208	 
1.142249	1.101123	1.010631	1.005164	1.195709	 
0.808230	0.715201	0.774713	0.774477	0.687875	 
0.384477	0.349225	0.372769	0.378936	0.364160	 
0.308419	0.306737	0.284174	0.296320	0.290432	 
666
2.883962	2.745538	2.895302	2.980685	2.809170	 
2.313666	2.405041	2.375537	2.370190	2.302414	 
1.626555	1.608775	1.558568	1.606115	1.425484	 
0.879521	0.894514	0.840595	0.855775	0.777333	 
0.613105	0.609927	0.614320	0.593711	0.635500	 
1002
5.478586	5.620576	5.325394	5.590242	5.491948	 
4.145026	4.480240	4.215065	4.260939	4.243730	 
2.702756	2.971841	2.793546	2.822921	2.947291	 
1.779072	1.752609	1.730249	1.704839	1.717962	 
1.351227	1.341923	1.364647	1.296529	1.308937	 
100
0.104272	0.100001	0.103665	0.114063	0.101701	 
0.085199	0.080619	0.082182	0.086562	0.083092	 
0.061088	0.062071	0.058848	0.057511	0.051488	 
0.041913	0.033680	0.038586	0.042502	0.037195	 
0.034049	0.036719	0.033457	0.032933	0.030074	 
150
0.263976	0.195042	0.237406	0.240171	0.225509	 
0.160983	0.157747	0.162264	0.154381	0.164220	 
0.109682	0.117615	0.117041	0.122862	0.119835	 
0.074712	0.071773	0.076520	0.076687	0.070012	 
0.052294	0.055472	0.046630	0.046165	0.047938	 
439
1.726535	1.715888	1.562045	1.687099	1.616666	 
1.109126	1.122789	1.070016	1.130663	1.128007	 
0.760820	0.727174	0.737997	0.728495	0.745293	 
0.522484	0.499383	0.521565	0.501421	0.510518	 
0.323413	0.313001	0.302527	0.310364	0.304590	 
666
2.795764	2.748783	2.744350	2.826315	2.731941	 
2.272533	2.227640	2.257898	2.247968	2.215882	 
1.435250	1.463526	1.466853	1.387603	1.493057	 
1.069412	1.137304	1.104307	1.099124	1.111238	 
0.630355	0.618016	0.588689	0.623924	0.607760	 
1002
5.452714	5.178450	5.199855	